QGC WPL 110
1	0	3	22	0.0	0.0	0.0	0.0	0.0	0.0	10.0	1
2	0	3	16	0.0	0.0	0.0	0.0	41.27772521972656	1.9812222719192505	11.0	1
3	0	3	16	0.0	0.0	0.0	0.0	41.273231506347656	1.9813268184661865	12.0	1
4	0	3	16	0.0	0.0	0.0	0.0	41.273193359375	1.9783357381820679	13.0	1
5	0	3	16	0.0	0.0	0.0	0.0	41.277687072753906	1.9782313108444214	14.0	1
6	0	3	16	0.0	0.0	0.0	0.0	41.27764892578125	1.9752401113510132	15.0	1
7	0	3	16	0.0	0.0	0.0	0.0	41.27315139770508	1.9753445386886597	16.0	1
8	0	3	16	0.0	0.0	0.0	0.0	41.27311325073242	1.972353458404541	17.0	1
9	0	3	16	0.0	0.0	0.0	0.0	41.277610778808594	1.972249150276184	18.0	1
10	0	3	16	0.0	0.0	0.0	0.0	41.27756881713867	1.9692579507827759	19.0	1
11	0	3	16	0.0	0.0	0.0	0.0	41.273075103759766	1.9693622589111328	20.0	1
12	0	3	16	0.0	0.0	0.0	0.0	41.273033142089844	1.9663711786270142	21.0	1
13	0	3	16	0.0	0.0	0.0	0.0	41.277530670166016	1.9662667512893677	22.0	1
14	0	3	16	0.0	0.0	0.0	0.0	41.27749252319336	1.9632755517959595	23.0	1
15	0	3	16	0.0	0.0	0.0	0.0	41.27299499511719	1.963379979133606	24.0	1
16	0	3	16	0.0	0.0	0.0	0.0	41.27295684814453	1.9603891372680664	25.0	1
17	0	3	16	0.0	0.0	0.0	0.0	41.27745056152344	1.96028470993042	26.0	1
18	0	3	16	0.0	0.0	0.0	0.0	41.27741241455078	1.9572935104370117	27.0	1
19	0	3	16	0.0	0.0	0.0	0.0	41.272918701171875	1.9573979377746582	28.0	1
20	0	3	16	0.0	0.0	0.0	0.0	41.27287673950195	1.9544068574905396	29.0	1
21	0	3	16	0.0	0.0	0.0	0.0	41.277374267578125	1.9543025493621826	30.0	1
22	0	3	16	0.0	0.0	0.0	0.0	41.27733612060547	1.9513113498687744	31.0	1
23	0	3	16	0.0	0.0	0.0	0.0	41.2728385925293	1.9514156579971313	32.0	1
24	0	3	16	0.0	0.0	0.0	0.0	41.27280044555664	1.9484248161315918	33.0	1
25	0	3	16	0.0	0.0	0.0	0.0	41.27729415893555	1.9483202695846558	34.0	1
26	0	3	16	0.0	0.0	0.0	0.0	41.27725601196289	1.9453290700912476	35.0	1
27	0	3	16	0.0	0.0	0.0	0.0	41.27275848388672	1.9454336166381836	36.0	1
28	0	3	16	0.0	0.0	0.0	0.0	41.27272033691406	1.942442536354065	37.0	1
29	0	3	16	0.0	0.0	0.0	0.0	41.277217864990234	1.9423381090164185	38.0	1
30	0	3	16	0.0	0.0	0.0	0.0	41.27717590332031	1.9393469095230103	39.0	1
31	0	3	16	0.0	0.0	0.0	0.0	41.272682189941406	1.9394513368606567	40.0	1
32	0	3	16	0.0	0.0	0.0	0.0	41.272640228271484	1.936460256576538	41.0	1
33	0	3	16	0.0	0.0	0.0	0.0	41.277137756347656	1.9363559484481812	42.0	1
34	0	3	16	0.0	0.0	0.0	0.0	41.277099609375	1.933364748954773	43.0	1
35	0	3	16	0.0	0.0	0.0	0.0	41.27260208129883	1.9334690570831299	44.0	1
36	0	3	16	0.0	0.0	0.0	0.0	41.27256393432617	1.9304782152175903	45.0	1
37	0	3	16	0.0	0.0	0.0	0.0	41.27705764770508	1.9303736686706543	46.0	1
38	0	3	16	0.0	0.0	0.0	0.0	41.27701950073242	1.927382469177246	47.0	1
39	0	3	16	0.0	0.0	0.0	0.0	41.272525787353516	1.9274870157241821	48.0	1
40	0	3	16	0.0	0.0	0.0	0.0	41.272483825683594	1.924496054649353	49.0	1
41	0	3	16	0.0	0.0	0.0	0.0	41.276981353759766	1.9243916273117065	50.0	1
42	0	3	16	0.0	0.0	0.0	0.0	41.27694320678711	1.9214004278182983	51.0	1
43	0	3	16	0.0	0.0	0.0	0.0	41.27244567871094	1.9215048551559448	52.0	1
44	0	3	16	0.0	0.0	0.0	0.0	41.27555847167969	1.9872570037841797	53.0	1
